25 
21 
18 
17 
17 
18 
17 
17 
22 
18 
20 
19 
19 
20 
19 
19 
22 
22 
21 
22 
22 
22 
22 
22 
25 
24 
24 
23 
23 
23 
23 
23 
26 
26 
26 
26 
25 
25 
26 
25 
28 
28 
27 
27 
27 
29 
28 
27 
30 
30 
30 
30 
30 
30 
29 
29 
31 
32 
32 
31 
31 
33 
32 
32 
34 
34 
34 
35 
35 
34 
34 
34 
35 
35 
36 
36 
35 
38 
37 
36 
39 
38 
39 
38 
38 
39 
85 
40 
40 
39 
40 
40 
39 
40 
40 
39 
42 
42 
42 
42 
42 
42 
42 
42 
45 
44 
44 
44 
44 
46 
45 
44 
47 
46 
46 
47 
47 
46 
46 
46 
48 
49 
49 
48 
48 
49 
49 
48 
52 
51 
52 
50 
50 
51 
50 
50 
52 
52 
53 
52 
52 
52 
67 
54 
55 
55 
55 
57 
54 
55 
54 
54 
56 
57 
56 
56 
57 
57 
57 
57 
58 
78 
61 
58 
58 
63 
58 
58 
59 
59 
60 
62 
61 
62 
62 
62 
64 
64 
63 
63 
63 
63 
62 
64 
68 
65 
66 
